 1900.000000 1950.000000 2000.000000
 -31496.752738 -30548.460486 -29616.721219
 -2317.306324 -2236.246396 -1728.769350
 5913.087759 5811.648723 5186.428132
 -698.872644 -1314.603720 -2267.355878
 2961.221881 2997.881858 3068.662553
 -985.494310 -1811.702161 -2482.006677
 948.832581 1570.577005 1670.980632
 1112.781582 376.492894 -458.037252
 1011.654843 1278.754517 1338.635972
 -1499.753803 -1894.633723 -2288.138887
 -422.640650 -490.167938 -226.975328
 1249.251976 1273.643406 1252.301193
 21.100615 220.516394 293.385580
 613.858623 889.908385 714.298143
 532.388080 -51.222551 -491.370497
 895.116812 961.581316 932.329436
 633.753658 801.631388 786.895035
 291.581891 161.247412 272.523617
 615.681804 533.856849 250.118253
 -103.711223 -290.711560 -231.895042
 -377.744638 -401.912104 -403.178978
 -192.310482 -29.325527 119.711840
 156.124634 304.204128 111.467286
 -47.783041 -204.266001 -303.611559
 -183.064969 -242.683722 -218.658736
 342.400815 350.794781 351.289086
 -286.933643 -14.226178 43.801375
 284.164421 203.607740 222.419855
 23.192890 95.770029 171.837219
 2.368825 -25.533350 -130.259147
 13.233150 -90.057032 -132.993298
 -53.931171 -158.975589 -168.598775
 -137.529848 -121.308491 -39.326210
 58.227218 -71.089195 -12.849710
 2.993319 81.098470 106.243469
